time_s,I_level1_A,I_level2_A,I_level3_A,norm_I_level1,norm_I_level2,norm_I_level3
0.01,3.664709582093242e-05,-1.3865206703651049e-05,-0.00018062966400807598,1.0,1.0,1.0
0.010472494122981487,3.664709582004445e-05,-1.386520670331509e-05,-0.00018062966400369924,0.9999999999757696,0.9999999999757696,0.9999999999757696
0.010967313315588178,3.6647095819114514e-05,-1.3865206702963255e-05,-0.0001806296639991157,0.9999999999503942,0.9999999999503942,0.9999999999503942
0.01148551242423938,3.664709581814064e-05,-1.3865206702594797e-05,-0.00018062966399431558,0.9999999999238199,0.9999999999238199,0.9999999999238198
0.012028196136227775,3.6647095817120754e-05,-1.386520670220893e-05,-0.00018062966398928868,0.9999999998959899,0.9999999998959901,0.99999999989599
0.012596521334671401,3.664709581605268e-05,-1.3865206701804829e-05,-0.00018062966398402425,0.9999999998668451,0.9999999998668451,0.9999999998668451
0.013191699564735716,3.664709581493414e-05,-1.3865206701381636e-05,-0.00018062966397851108,0.9999999998363232,0.9999999998363232,0.9999999998363232
0.013814999616383224,3.664709581376275e-05,-1.3865206700938448e-05,-0.0001806296639727374,0.999999999804359,0.9999999998043592,0.999999999804359
0.01446775022915648,3.664709581253601e-05,-1.3865206700474318e-05,-0.00018062966396669092,0.9999999997708846,0.9999999997708847,0.9999999997708845
0.01515134292476053,3.664709581125131e-05,-1.386520669998826e-05,-0.0001806296639603588,0.9999999997358286,0.9999999997358288,0.9999999997358286
0.015867234973483177,3.6647095809905904e-05,-1.3865206699479234e-05,-0.00018062966395372744,0.9999999996991161,0.9999999996991162,0.9999999996991162
0.01661695250077689,3.664709580849693e-05,-1.3865206698946157e-05,-0.00018062966394678275,0.999999999660669,0.9999999996606692,0.9999999996606691
0.01740209374062485,3.664709580702139e-05,-1.3865206698387895e-05,-0.00018062966393950995,0.9999999996204056,0.9999999996204056,0.9999999996204055
0.018224332442626664,3.664709580547612e-05,-1.3865206697803252e-05,-0.00018062966393189348,0.9999999995782393,0.9999999995782395,0.9999999995782393
0.01908542144006686,3.6647095803857845e-05,-1.3865206697190986e-05,-0.0001806296639239172,0.999999999534081,0.999999999534081,0.999999999534081
0.019987196386572505,3.66470958021631e-05,-1.3865206696549793e-05,-0.00018062966391556399,0.999999999487836,0.9999999994878362,0.9999999994878361
0.02093157966932574,3.664709580038829e-05,-1.38652066958783e-05,-0.0001806296639068161,0.9999999994394062,0.9999999994394062,0.9999999994394062
0.021920584507173258,3.6647095798529615e-05,-1.3865206695175082e-05,-0.0001806296638976549,0.999999999388688,0.999999999388688,0.999999999388688
0.022956319242369096,3.664709579658312e-05,-1.3865206694438637e-05,-0.0001806296638880608,0.9999999993355735,0.9999999993355735,0.9999999993355734
0.02404099183509972,3.664709579454465e-05,-1.3865206693667397e-05,-0.00018062966387801343,0.9999999992799491,0.9999999992799493,0.9999999992799491
0.02517691457037277,3.664709579240987e-05,-1.3865206692859714e-05,-0.0001806296638674913,0.9999999992216968,0.9999999992216968,0.9999999992216967
0.026366508987303583,3.664709579017422e-05,-1.386520669201387e-05,-0.00018062966385647204,0.9999999991606918,0.999999999160692,0.9999999991606919
0.02761231104130753,3.664709578783294e-05,-1.3865206691128058e-05,-0.0001806296638449321,0.9999999990968047,0.9999999990968046,0.9999999990968046
0.028916976510202995,3.664709578538103e-05,-1.3865206690200395e-05,-0.0001806296638328469,0.9999999990298987,0.9999999990298988,0.9999999990298987
0.030283286655749458,3.664709578281327e-05,-1.3865206689228899e-05,-0.00018062966382019068,0.9999999989598316,0.9999999989598316,0.9999999989598315
0.03171415415268999,3.6647095780124185e-05,-1.3865206688211499e-05,-0.00018062966380693647,0.9999999988864537,0.9999999988864536,0.9999999988864536
0.03321262929793748,3.6647095777308044e-05,-1.386520668714603e-05,-0.000180629663793056,0.9999999988096089,0.9999999988096088,0.9999999988096088
0.0347819065131413,3.664709577435884e-05,-1.3865206686030216e-05,-0.0001806296637785197,0.999999998729133,0.999999998729133,0.999999998729133
0.03642533115449638,3.664709577127029e-05,-1.3865206684861683e-05,-0.00018062966376329657,0.9999999986448549,0.999999998644855,0.9999999986448549
0.03814640664431178,3.6647095768035805e-05,-1.3865206683637936e-05,-0.00018062966374735414,0.9999999985565945,0.9999999985565946,0.9999999985565946
0.0399488019395417,3.66470957646485e-05,-1.3865206682356368e-05,-0.00018062966373065846,0.9999999984641642,0.9999999984641642,0.9999999984641641
0.041836359353200195,3.664709576110113e-05,-1.3865206681014244e-05,-0.00018062966371317388,0.9999999983673661,0.9999999983673662,0.9999999983673662
0.04381310274533306,3.664709575738617e-05,-1.3865206679608708e-05,-0.00018062966369486317,0.9999999982659948,0.9999999982659948,0.9999999982659946
0.04588324610100845,3.6647095753495665e-05,-1.3865206678136762e-05,-0.00018062966367568732,0.9999999981598335,0.9999999981598336,0.9999999981598335
0.04805120251361242,3.664709574942135e-05,-1.3865206676595267e-05,-0.00018062966365560543,0.9999999980486565,0.9999999980486564,0.9999999980486564
0.05032159359259993,3.664709574515451e-05,-1.3865206674980937e-05,-0.00018062966363457467,0.999999997932226,0.9999999979322262,0.999999997932226
0.052699259315756565,3.664709574068607e-05,-1.386520667329033e-05,-0.0001806296636125502,0.9999999978102945,0.9999999978102946,0.9999999978102944
0.0551892683469738,3.664709573600651e-05,-1.3865206671519844e-05,-0.0001806296635894851,0.9999999976826017,0.9999999976826017,0.9999999976826016
0.05779692884153313,3.6647095731105826e-05,-1.3865206669665702e-05,-0.00018062966356533017,0.9999999975488755,0.9999999975488756,0.9999999975488755
0.06052779976193349,3.66470957259736e-05,-1.3865206667723954e-05,-0.00018062966354003395,0.9999999974088308,0.9999999974088308,0.9999999974088307
0.06338770272838487,3.664709572059887e-05,-1.386520666569046e-05,-0.0001806296635135425,0.999999997262169,0.9999999972621693,0.999999997262169
0.06638273442923082,3.6647095714970194e-05,-1.3865206663560883e-05,-0.00018062966348579934,0.9999999971085777,0.9999999971085778,0.9999999971085777
0.06951927961775606,3.664709570907557e-05,-1.3865206661330686e-05,-0.00018062966345674535,0.9999999969477293,0.9999999969477293,0.9999999969477293
0.0728040247230857,3.664709570290242e-05,-1.3865206658995113e-05,-0.00018062966342631857,0.9999999967792809,0.9999999967792809,0.9999999967792809
0.07624397210419138,3.6647095696437594e-05,-1.3865206656549187e-05,-0.0001806296633944541,0.9999999966028733,0.9999999966028734,0.9999999966028732
0.07984645497739086,3.664709568966731e-05,-1.386520665398769e-05,-0.0001806296633610841,0.9999999964181304,0.9999999964181306,0.9999999964181305
0.08361915304916318,3.664709568257713e-05,-1.3865206651305165e-05,-0.00018062966332613737,0.9999999962246588,0.999999996224659,0.9999999962246588
0.08757010888760508,3.664709567515195e-05,-1.386520664849589e-05,-0.00018062966328953942,0.9999999960220456,0.9999999960220457,0.9999999960220457
0.0917077450674293,3.6647095667375934e-05,-1.3865206645553883e-05,-0.00018062966325121227,0.9999999958098593,0.9999999958098593,0.9999999958098593
0.0960408821250538,3.6647095659232505e-05,-1.3865206642472865e-05,-0.00018062966321107413,0.9999999955876472,0.9999999955876472,0.999999995587647
0.10057875736205836,3.66470956507043e-05,-1.386520663924627e-05,-0.00018062966316903953,0.9999999953549356,0.9999999953549356,0.9999999953549354
0.1053310445370937,3.6647095641773144e-05,-1.3865206635867222e-05,-0.0001806296631250188,0.9999999951112285,0.9999999951112285,0.9999999951112284
0.1103078744882215,3.6647095632419996e-05,-1.3865206632328515e-05,-0.00018062966307891813,0.9999999948560063,0.9999999948560064,0.9999999948560063
0.11551985672964793,3.664709562262492e-05,-1.3865206628622609e-05,-0.00018062966303063926,0.9999999945887252,0.9999999945887255,0.9999999945887253
0.12097810206889013,3.664709561236703e-05,-1.3865206624741599e-05,-0.0001806296629800792,0.9999999943088154,0.9999999943088155,0.9999999943088153
0.12669424629259063,3.6647095601624466e-05,-1.3865206620677213e-05,-0.0001806296629271302,0.9999999940156797,0.9999999940156798,0.9999999940156796
0.13268047497147245,3.664709559037432e-05,-1.3865206616420787e-05,-0.00018062966287167942,0.9999999937086936,0.9999999937086937,0.9999999937086936
0.13894954943731375,3.6647095578592604e-05,-1.3865206611963248e-05,-0.00018062966281360863,0.9999999933872026,0.9999999933872027,0.9999999933872027
0.14551483398731938,3.6647095566254214e-05,-1.3865206607295092e-05,-0.00018062966275279396,0.9999999930505213,0.9999999930505213,0.9999999930505212
0.1523903243738829,3.664709555333284e-05,-1.386520660240637e-05,-0.00018062966268910592,0.9999999926979322,0.9999999926979322,0.9999999926979322
0.1595906776404731,3.664709553980094e-05,-1.3865206597286657e-05,-0.0001806296626224086,0.9999999923286832,0.9999999923286833,0.9999999923286832
0.16713124336724874,3.6647095525629666e-05,-1.3865206591925042e-05,-0.00018062966255255988,0.9999999919419875,0.9999999919419876,0.9999999919419874
0.17502809639301012,3.6647095510788816e-05,-1.3865206586310094e-05,-0.00018062966247941087,0.9999999915370209,0.9999999915370209,0.9999999915370207
0.18329807108324356,3.664709549524673e-05,-1.386520658042984e-05,-0.00018062966240280562,0.9999999911129195,0.9999999911129195,0.9999999911129195
0.1919587972173111,3.6647095478970294e-05,-1.386520657427175e-05,-0.00018062966232258078,0.9999999906687795,0.9999999906687796,0.9999999906687796
0.20102873757128856,3.664709546192481e-05,-1.3865206567822694e-05,-0.00018062966223856539,0.9999999902036546,0.9999999902036545,0.9999999902036545
0.2105272272765707,3.664709544407393e-05,-1.3865206561068924e-05,-0.0001806296621505803,0.9999999897165524,0.9999999897165526,0.9999999897165524
0.22047451503814744,3.664709542537962e-05,-1.3865206553996043e-05,-0.000180629662058438,0.9999999892064352,0.9999999892064353,0.9999999892064352
0.23089180630041925,3.6647095405802e-05,-1.386520654658897e-05,-0.000180629661961942,0.9999999886722151,0.9999999886722152,0.9999999886722151
0.24180130845257206,3.664709538529936e-05,-1.3865206538831919e-05,-0.00018062966186088662,0.9999999881127535,0.9999999881127535,0.9999999881127535
0.25322627816987947,3.6647095363827976e-05,-1.3865206530708351e-05,-0.00018062966175505645,0.9999999875268575,0.9999999875268576,0.9999999875268576
0.2651910709918538,3.6647095341342084e-05,-1.386520652220095e-05,-0.00018062966164422587,0.9999999869132784,0.9999999869132785,0.9999999869132785
0.2777211932429355,3.664709531779375e-05,-1.386520651329158e-05,-0.00018062966152815858,0.9999999862707081,0.9999999862707082,0.9999999862707081
0.2908433564064048,3.664709529313277e-05,-1.3865206503961248e-05,-0.00018062966140660724,0.9999999855977768,0.9999999855977768,0.9999999855977768
0.3045855340674284,3.664709526730657e-05,-1.3865206494190062e-05,-0.00018062966127931263,0.9999999848930499,0.9999999848930499,0.9999999848930498
0.31897702154663216,3.664709524026009e-05,-1.3865206483957191e-05,-0.0001806296611460034,0.9999999841550247,0.9999999841550247,0.9999999841550246
0.33404849835132444,3.664709521193569e-05,-1.3865206473240827e-05,-0.00018062966100639542,0.9999999833821284,0.9999999833821286,0.9999999833821285
0.3498320935775036,3.664709518227298e-05,-1.3865206462018118e-05,-0.00018062966086019106,0.9999999825727134,0.9999999825727134,0.9999999825727134
0.36636145440207163,3.664709515120872e-05,-1.3865206450265144e-05,-0.0001806296607070786,0.9999999817250539,0.9999999817250539,0.9999999817250538
0.38367181781126447,3.664709511867669e-05,-1.3865206437956848e-05,-0.00018062966054673165,0.9999999808373429,0.9999999808373429,0.9999999808373428
0.40180008571820913,3.664709508460755e-05,-1.3865206425066993e-05,-0.00018062966037880843,0.9999999799076883,0.9999999799076882,0.9999999799076882
0.42078490362974025,3.664709504892865e-05,-1.3865206411568099e-05,-0.00018062966020295092,0.9999999789341077,0.9999999789341077,0.9999999789341076
0.4406667430301786,3.6647095011563955e-05,-1.3865206397431391e-05,-0.00018062966001878428,0.9999999779145263,0.9999999779145263,0.9999999779145263
0.4614879876576939,3.664709497243379e-05,-1.3865206382626733e-05,-0.00018062965982591585,0.9999999768467701,0.9999999768467702,0.9999999768467702
0.4832930238571752,3.6647094931454756e-05,-1.3865206367122562e-05,-0.00018062965962393452,0.9999999757285633,0.9999999757285633,0.9999999757285633
0.5061283352022219,3.664709488853948e-05,-1.3865206350885828e-05,-0.00018062965941240965,0.9999999745575217,0.9999999745575217,0.9999999745575217
0.5300426015879672,3.664709484359649e-05,-1.386520633388192e-05,-0.0001806296591908904,0.9999999733311491,0.9999999733311491,0.9999999733311491
0.5550868030059806,3.6647094796529963e-05,-1.3865206316074585e-05,-0.00018062965895890447,0.9999999720468311,0.9999999720468311,0.9999999720468311
0.5813143282224713,3.664709474723957e-05,-1.3865206297425864e-05,-0.00018062965871595732,0.9999999707018298,0.9999999707018299,0.9999999707018297
0.6087810885914762,3.664709469562024e-05,-1.3865206277896003e-05,-0.0001806296584615311,0.999999969293278,0.9999999692932781,0.999999969293278
0.6375456372456506,3.6647094641561925e-05,-1.3865206257443366e-05,-0.00018062965819508336,0.999999967818173,0.999999967818173,0.9999999678181729
0.6676692939187563,3.664709458494939e-05,-1.3865206236024356e-05,-0.00018062965791604615,0.9999999662733702,0.9999999662733702,0.9999999662733702
0.6992162756659375,3.664709452566194e-05,-1.3865206213593309e-05,-0.00018062965762382459,0.9999999646555763,0.9999999646555763,0.9999999646555763
0.7322538337604534,3.66470944635732e-05,-1.3865206190102408e-05,-0.00018062965731779573,0.9999999629613426,0.9999999629613426,0.9999999629613425
0.766852397058701,3.6647094398550795e-05,-1.3865206165501577e-05,-0.0001806296569973072,0.9999999611870574,0.9999999611870574,0.9999999611870574
0.8030857221391512,3.664709433045613e-05,-1.3865206139738372e-05,-0.00018062965666167574,0.9999999593289384,0.9999999593289383,0.9999999593289381
0.8410310505352605,3.664709425914402e-05,-1.3865206112757868e-05,-0.0001806296563101859,0.9999999573830239,0.999999957383024,0.9999999573830239
0.8807692733975462,3.664709418446246e-05,-1.3865206084502553e-05,-0.0001806296559420884,0.9999999553451664,0.9999999553451666,0.9999999553451665
0.9223851039358476,3.664709410625225e-05,-1.3865206054912191e-05,-0.0001806296555565985,0.9999999532110215,0.9999999532110215,0.9999999532110214
0.9659672580093832,3.664709402434664e-05,-1.38652060239237e-05,-0.00018062965515289441,0.9999999509760394,0.9999999509760393,0.9999999509760392
1.0116086432495808,3.664709393857104e-05,-1.3865205991471024e-05,-0.00018062965473011558,0.9999999486354556,0.9999999486354556,0.9999999486354556
1.059406557118851,3.6647093848742596e-05,-1.3865205957484977e-05,-0.00018062965428736067,0.9999999461842806,0.9999999461842807,0.9999999461842807
1.1094628943275218,3.6647093754669816e-05,-1.3865205921893109e-05,-0.00018062965382368586,0.9999999436172892,0.9999999436172892,0.9999999436172892
1.1618843640511003,3.6647093656152146e-05,-1.3865205884619546e-05,-0.00018062965333810266,0.9999999409290087,0.9999999409290088,0.9999999409290087
1.216782717410923,3.6647093552979575e-05,-1.386520584558483e-05,-0.00018062965282957598,0.9999999381137087,0.9999999381137089,0.9999999381137088
1.2742749857031335,3.664709344493217e-05,-1.3865205804705746e-05,-0.0001806296522970217,0.9999999351653875,0.9999999351653875,0.9999999351653875
1.3344837298838383,3.664709333177958e-05,-1.386520576189515e-05,-0.00018062965173930455,0.9999999320777598,0.9999999320777598,0.9999999320777598
1.3975373018422912,3.66470932132806e-05,-1.3865205717061778e-05,-0.0001806296511552356,0.9999999288442435,0.9999999288442436,0.9999999288442436
1.4635701180190799,3.664709308918261e-05,-1.3865205670110056e-05,-0.00018062965054356972,0.9999999254579456,0.9999999254579456,0.9999999254579455
1.5327229459526135,3.664709295922106e-05,-1.3865205620939892e-05,-0.000180629649903003,0.9999999219116468,0.9999999219116469,0.9999999219116469
1.6051432043647615,3.664709282311892e-05,-1.386520556944647e-05,-0.00018062964923216986,0.9999999181977879,0.999999918197788,0.9999999181977878
1.6809852774253637,3.6647092680586015e-05,-1.386520551552001e-05,-0.00018062964852964028,0.9999999143084509,0.999999914308451,0.999999914308451
1.7604108438655526,3.664709253131853e-05,-1.386520545904556e-05,-0.0001806296477939166,0.9999999102353455,0.9999999102353455,0.9999999102353455
1.843589221641488,3.664709237499823e-05,-1.3865205399902724e-05,-0.00018062964702343038,0.9999999059697879,0.999999905969788,0.999999905969788
1.9306977288832496,3.6647092211291896e-05,-1.3865205337965424e-05,-0.00018062964621653912,0.9999999015026854,0.9999999015026855,0.9999999015026854
2.0219220618983536,3.664709203985054e-05,-1.3865205273101624e-05,-0.0001806296453715228,0.999999896824515,0.9999998968245151,0.9999998968245151
2.117456691035712,3.6647091860308676e-05,-1.3865205205173046e-05,-0.0001806296444865799,0.9999998919253038,0.9999998919253038,0.9999998919253037
2.2175052752539317,3.6647091672283564e-05,-1.3865205134034886e-05,-0.000180629643559824,0.9999998867946077,0.9999998867946078,0.9999998867946077
2.3222810962777247,3.6647091475374384e-05,-1.3865205059535489e-05,-0.00018062964258927944,0.9999998814214894,0.9999998814214894,0.9999998814214893
2.4320075132679473,3.6647091269161354e-05,-1.386520498151604e-05,-0.0001806296415728772,0.9999998757944942,0.9999998757944943,0.9999998757944942
2.54691843897454,3.664709105320488e-05,-1.3865204899810218e-05,-0.00018062964050845058,0.999999869901627,0.9999998699016271,0.999999869901627
2.667258838387405,3.66470908270446e-05,-1.3865204814243843e-05,-0.00018062963939373042,0.9999998637303253,0.9999998637303253,0.9999998637303253
2.793285250948253,3.664709059019837e-05,-1.386520472463451e-05,-0.0001806296382263404,0.9999998572674332,0.9999998572674333,0.9999998572674332
2.9252663374366445,3.6647090342161307e-05,-1.3865204630791187e-05,-0.00018062963700379189,0.9999998504991734,0.9999998504991735,0.9999998504991733
3.063483452696084,3.664709008240463e-05,-1.3865204532513823e-05,-0.0001806296357234787,0.9999998434111173,0.9999998434111174,0.9999998434111174
3.2082312454210773,3.6647089810374615e-05,-1.3865204429592915e-05,-0.00018062963438267147,0.9999998359881548,0.9999998359881549,0.9999998359881547
3.359818286283781,3.664708952549134e-05,-1.3865204321809052e-05,-0.0001806296329785119,0.9999998282144617,0.9999998282144617,0.9999998282144617
3.518567725739263,3.66470892271475e-05,-1.3865204208932467e-05,-0.00018062963150800664,0.9999998200734662,0.9999998200734662,0.9999998200734662
3.6848179829116767,3.664708891470709e-05,-1.3865204090722531e-05,-0.00018062962996802086,0.9999998115478136,0.9999998115478136,0.9999998115478136
3.858923467029903,3.6647088587504055e-05,-1.3865203966927246e-05,-0.00018062962835527167,0.9999998026193289,0.999999802619329,0.9999998026193289
4.0412553329506,3.6647088244840874e-05,-1.3865203837282707e-05,-0.00018062962666632104,0.9999997932689787,0.9999997932689788,0.9999997932689786
4.232202272379276,3.6647087885987065e-05,-1.3865203701512542e-05,-0.00018062962489756853,0.99999978347683,0.99999978347683,0.9999997834768299
4.432171342476085,3.664708751017763e-05,-1.3865203559327318e-05,-0.0001806296230452435,0.9999997732220083,0.9999997732220083,0.9999997732220082
4.6415888336127775,3.664708711661142e-05,-1.3865203410423927e-05,-0.00018062962110539725,0.9999997624826522,0.9999997624826522,0.9999997624826522
4.86090117813063,3.6647086704449444e-05,-1.3865203254484939e-05,-0.00018062961907389438,0.999999751235868,0.999999751235868,0.9999997512358679
5.090575902036681,3.6647086272813055e-05,-1.3865203091177929e-05,-0.00018062961694640425,0.99999973945768,0.9999997394576801,0.99999973945768
5.331102621667033,3.664708582078212e-05,-1.386520292015476e-05,-0.0001806296147183915,0.9999997271229798,0.9999997271229798,0.9999997271229798
5.58299408744192,3.664708534739298e-05,-1.3865202741050848e-05,-0.00018062961238510646,0.9999997142054723,0.9999997142054723,0.9999997142054723
5.846787276937589,3.6647084851636497e-05,-1.3865202553484385e-05,-0.0001806296099415751,0.9999997006776205,0.9999997006776205,0.9999997006776203
6.123044539605184,3.664708433245582e-05,-1.386520235705552e-05,-0.0001806296073825884,0.9999996865105857,0.9999996865105857,0.9999996865105857
6.412354795576917,3.664708378874416e-05,-1.3865202151345509e-05,-0.00018062960470269107,0.999999671674167,0.999999671674167,0.999999671674167
6.715334791115142,3.664708321934246e-05,-1.3865201935915824e-05,-0.00018062960189617021,0.9999996561367366,0.9999996561367366,0.9999996561367365
7.032630413380644,3.664708262303687e-05,-1.3865201710307217e-05,-0.00018062959895704297,0.9999996398651718,0.9999996398651719,0.9999996398651719
7.364918067322965,3.66470819985562e-05,-1.386520147403874e-05,-0.00018062959587904372,0.9999996228247857,0.9999996228247857,0.9999996228247856
7.712906117627992,3.6647081344569206e-05,-1.3865201226606721e-05,-0.00018062959265561092,0.9999996049792517,0.9999996049792517,0.9999996049792516
8.07733639879671,3.664708065968171e-05,-1.3865200967483688e-05,-0.0001806295892798728,0.9999995862905267,0.9999995862905268,0.9999995862905267
8.4589857965743,3.6647079942433705e-05,-1.3865200696117249e-05,-0.00018062958574463316,0.999999566718771,0.999999566718771,0.999999566718771
8.858667904100823,3.664707919129617e-05,-1.3865200411928913e-05,-0.00018062958204235558,0.9999995462222618,0.999999546222262,0.9999995462222617
9.27723475631406,3.664707840466784e-05,-1.386520011431285e-05,-0.00018062957816514764,0.9999995247573049,0.9999995247573051,0.9999995247573049
9.715578646301857,3.6647077580871804e-05,-1.3865199802634609e-05,-0.000180629574104744,0.999999502278142,0.9999995022781422,0.9999995022781419
10.174634027476063,3.664707671815191e-05,-1.3865199476229761e-05,-0.00018062956985248876,0.9999994787368525,0.9999994787368525,0.9999994787368524
10.655379505623053,3.6647075814669026e-05,-1.3865199134402487e-05,-0.0001806295653993171,0.9999994540832514,0.9999994540832514,0.9999994540832514
11.15883992507748,3.6647074868497134e-05,-1.3865198776424083e-05,-0.00018062956073573578,0.9999994282647828,0.9999994282647828,0.9999994282647827
11.68608855346651,3.6647073877619195e-05,-1.3865198401531419e-05,-0.0001806295558518031,0.9999994012264073,0.9999994012264074,0.9999994012264073
12.238249369681924,3.664707283992289e-05,-1.3865198008925308e-05,-0.00018062955073710763,0.9999993729104854,0.9999993729104855,0.9999993729104854
12.816499459957583,3.664707175319608e-05,-1.38651975977688e-05,-0.00018062954538074598,0.9999993432566536,0.9999993432566536,0.9999993432566536
13.422071527160119,3.66470706151221e-05,-1.3865197167185406e-05,-0.00018062953977129956,0.9999993122016967,0.9999993122016969,0.9999993122016968
14.05625651864215,3.6647069423274824e-05,-1.386519671625721e-05,-0.00018062953389681025,0.9999992796794123,0.9999992796794124,0.9999992796794124
14.720406378260014,3.6647068175113514e-05,-1.3865196244022938e-05,-0.00018062952774475498,0.9999992456204704,0.9999992456204704,0.9999992456204703
15.415936928422719,3.664706686797736e-05,-1.386519574947589e-05,-0.00018062952130201896,0.9999992099522645,0.9999992099522645,0.9999992099522645
16.14433088831602,3.664706549907984e-05,-1.3865195231561806e-05,-0.00018062951455486768,0.9999991725987584,0.9999991725987584,0.9999991725987583
16.9071410347358,3.664706406550277e-05,-1.3865194689176608e-05,-0.00018062950748891775,0.9999991334803225,0.9999991334803225,0.9999991334803223
17.70599351226898,3.6647062564190086e-05,-1.3865194121164047e-05,-0.00018062950008910613,0.9999990925135651,0.999999092513565,0.999999092513565
18.542591299878524,3.6647060991941325e-05,-1.3865193526313254e-05,-0.00018062949233965808,0.9999990496111543,0.9999990496111543,0.9999990496111542
19.418717841282547,3.664705934540481e-05,-1.3865192903356138e-05,-0.00018062948422405354,0.9999990046816317,0.9999990046816317,0.9999990046816317
20.336240846866723,3.664705762107049e-05,-1.3865192250964694e-05,-0.00018062947572499184,0.9999989576292179,0.9999989576292179,0.999998957629218
21.29711627523478,3.664705581526247e-05,-1.386519156774817e-05,-0.00018062946682435486,0.9999989083536074,0.9999989083536075,0.9999989083536074
22.303392502884964,3.664705392413118e-05,-1.3865190852250103e-05,-0.0001806294575031685,0.999998856749756,0.9999988567497561,0.9999988567497559
23.357214690901213,3.664705194364516e-05,-1.3865190102945213e-05,-0.0001806294477415621,0.9999988027076558,0.9999988027076558,0.9999988027076557
24.46082935796798,3.6647049869582446e-05,-1.3865189318236149e-05,-0.0001806294375187261,0.9999987461121012,0.9999987461121012,0.9999987461121012
25.616589169457267,3.6647047697521615e-05,-1.3865188496450093e-05,-0.0001806294268128677,0.9999986868424433,0.9999986868424434,0.9999986868424432
26.826957952797247,3.664704542283232e-05,-1.3865187635835177e-05,-0.00018062941560116448,0.9999986247723326,0.9999986247723327,0.9999986247723326
28.094515949814063,3.664704304066545e-05,-1.3865186734556773e-05,-0.00018062940385971563,0.99999855976945,0.9999985597694501,0.99999855976945
29.421965317243743,3.6647040545942766e-05,-1.3865185790693557e-05,-0.00018062939156349102,0.9999984916952239,0.9999984916952239,0.9999984916952237
30.812135887140023,3.664703793334608e-05,-1.3865184802233426e-05,-0.00018062937868627794,0.9999984204045355,0.9999984204045355,0.9999984204045355
32.26799119945808,3.664703519730593e-05,-1.3865183767069211e-05,-0.00018062936520062508,0.9999983457454094,0.9999983457454095,0.9999983457454094
33.79263481967431,3.664703233198971e-05,-1.3865182682994178e-05,-0.00018062935107778413,0.9999982675586894,0.9999982675586896,0.9999982675586895
35.38931695490988,3.664702933128923e-05,-1.3865181547697327e-05,-0.00018062933628764844,0.9999981856776996,0.9999981856776996,0.9999981856776995
37.06144138266228,3.664702618880767e-05,-1.3865180358758468e-05,-0.00018062932079868882,0.999998099927888,0.9999980999278882,0.9999980999278881
38.81257270691536,3.6647022897845997e-05,-1.3865179113643053e-05,-0.00018062930457788637,0.9999980101264563,0.9999980101264564,0.9999980101264564
40.64644395709628,3.664701945138864e-05,-1.386517780969679e-05,-0.0001806292875906621,0.9999979160819684,0.9999979160819685,0.9999979160819684
42.566964546078715,3.664701584208854e-05,-1.386517644413996e-05,-0.00018062926980080322,0.9999978175939432,0.9999978175939432,0.9999978175939432
44.578228604197065,3.664701206225152e-05,-1.386517501406152e-05,-0.0001806292511703858,0.9999977144524271,0.9999977144524271,0.9999977144524271
46.6845237070379,3.664700810381983e-05,-1.3865173516412871e-05,-0.0001806292316596942,0.9999976064375463,0.9999976064375463,0.9999976064375463
48.89034001561443,3.6647003958355037e-05,-1.3865171948001378e-05,-0.00018062921122713612,0.9999974933190385,0.9999974933190385,0.9999974933190384
51.20037984840887,3.664699961701996e-05,-1.3865170305483552e-05,-0.00018062918982915415,0.9999973748557611,0.9999973748557612,0.9999973748557612
53.61956770568817,3.664699507055991e-05,-1.3865168585357934e-05,-0.00018062916742013282,0.9999972507951788,0.9999972507951789,0.9999972507951788
56.153060767462726,3.6646990309282896e-05,-1.3865166783957618e-05,-0.0001806291439523014,0.9999971208728232,0.9999971208728233,0.9999971208728233
58.80625988746757,3.664698532303901e-05,-1.3865164897442448e-05,-0.00018062911937563201,0.9999969848117309,0.9999969848117309,0.9999969848117309
61.584821106602604,3.6646980101198755e-05,-1.3865162921790822e-05,-0.00018062909363773303,0.9999968423218518,0.9999968423218518,0.9999968423218518
64.4946677103762,3.664697463263042e-05,-1.3865160852791119e-05,-0.00018062906668373738,0.9999966930994316,0.9999966930994315,0.9999966930994315
67.54200285605587,3.6646968905676314e-05,-1.3865158686032725e-05,-0.00018062903845618555,0.9999965368263632,0.9999965368263632,0.9999965368263631
70.73332279644438,3.664696290812795e-05,-1.3865156416896634e-05,-0.00018062900889490325,0.9999963731695105,0.9999963731695105,0.9999963731695105
74.07543072847163,3.66469566272e-05,-1.3865154040545595e-05,-0.0001806289779368729,0.9999962017799964,0.9999962017799965,0.9999962017799964
77.57545129612413,3.664695004950306e-05,-1.3865151551913802e-05,-0.0001806289455160995,0.99999602229246,0.9999960222924601,0.99999602229246
81.24084577862966,3.664694316101507e-05,-1.3865148945696099e-05,-0.00018062891156346987,0.9999958343242777,0.9999958343242777,0.9999958343242776
85.07942799627445,3.664693594705145e-05,-1.3865146216336665e-05,-0.00018062887600660526,0.9999956374747468,0.9999956374747468,0.9999956374747467
89.09938096776106,3.664692839223381e-05,-1.3865143358017177e-05,-0.0001806288387697072,0.999995431324233,0.999995431324233,0.999995431324233
93.30927435461663,3.664692048045716e-05,-1.3865140364644407e-05,-0.00018062879977339584,0.9999952154332741,0.9999952154332741,0.9999952154332741
97.71808272983898,3.6646912194855534e-05,-1.3865137229837225e-05,-0.0001806287589345407,0.9999949893416442,0.9999949893416442,0.9999949893416442
102.33520470972576,3.664690351776611e-05,-1.3865133946913006e-05,-0.00018062871616608358,0.9999947525673726,0.9999947525673726,0.9999947525673726
107.17048298967093,3.6646894430691514e-05,-1.3865130508873379e-05,-0.0001806286713768528,0.9999945046057157,0.9999945046057157,0.9999945046057156
112.23422532664173,3.66468849142604e-05,-1.3865126908389315e-05,-0.00018062862447136913,0.9999942449280823,0.9999942449280823,0.9999942449280822
117.53722651306367,3.6646874948186156e-05,-1.3865123137785498e-05,-0.00018062857534964196,0.9999939729809056,0.9999939729809055,0.9999939729809054
123.09079138896018,3.6646864511223664e-05,-1.3865119189023965e-05,-0.00018062852390695637,0.9999936881844638,0.9999936881844639,0.9999936881844637
128.90675894140244,3.664685358112402e-05,-1.3865115053686976e-05,-0.00018062847003364984,0.9999933899316445,0.9999933899316445,0.9999933899316444
134.99752754264296,3.664684213458708e-05,-1.3865110722959068e-05,-0.0001806284136148785,0.9999930775866502,0.9999930775866503,0.9999930775866502
141.37608138073614,3.664683014721184e-05,-1.3865106187608259e-05,-0.0001806283545303722,0.9999927504836431,0.9999927504836431,0.999992750483643
148.05601813899102,3.664681759344436e-05,-1.3865101437966381e-05,-0.00018062829265417843,0.9999924079253257,0.9999924079253257,0.9999924079253257
155.0515779832622,3.664680444652335e-05,-1.386509646390846e-05,-0.00018062822785439362,0.9999920491814551,0.9999920491814551,0.9999920491814551
162.3776739188721,3.6646790678423106e-05,-1.3865091254831139e-05,-0.00018062815999288193,0.9999916734872851,0.9999916734872852,0.9999916734872851
170.0499235818794,3.664677625979377e-05,-1.3865085799630073e-05,-0.00018062808892498107,0.999991280041938,0.999991280041938,0.999991280041938
178.08468253246812,3.664676115989875e-05,-1.3865080086676264e-05,-0.00018062801449919363,0.9999908680066953,0.9999908680066953,0.9999908680066953
186.49907912142942,3.664674534654923e-05,-1.3865074103791268e-05,-0.00018062793655686433,0.9999904365032115,0.9999904365032116,0.9999904365032115
195.3110510040631,3.6646728786035556e-05,-1.386506783822124e-05,-0.00018062785493184184,0.9999899846116412,0.9999899846116415,0.9999899846116413
204.53938337933903,3.6646711443055375e-05,-1.3865061276609746e-05,-0.00018062776945012456,0.9999895113686791,0.9999895113686791,0.999989511368679
214.2037490358383,3.6646693280638357e-05,-1.3865054404969293e-05,-0.00018062767992948974,0.9999890157655048,0.9999890157655048,0.9999890157655049
224.32475028984157,3.6646674260067465e-05,-1.3865047208651519e-05,-0.00018062758617910508,0.9999884967456353,0.9999884967456354,0.9999884967456353
234.9239629049658,3.664665434079636e-05,-1.3865039672315961e-05,-0.000180627487999122,0.9999879532026706,0.9999879532026706,0.9999879532026706
246.02398208697775,3.664663348036301e-05,-1.3865031779897372e-05,-0.00018062738518024967,0.9999873839779372,0.9999873839779373,0.9999873839779373
257.64847065183744,3.664661163429917e-05,-1.3865023514571456e-05,-0.00018062727750330876,0.999986787858017,0.999986787858017,0.999986787858017
269.82220946965333,3.664658875603562e-05,-1.3865014858719032e-05,-0.00018062716473876448,0.9999861635721619,0.9999861635721619,0.9999861635721617
282.5711502920827,3.664656479680286e-05,-1.3865005793888461e-05,-0.00018062704664623724,0.9999855097895844,0.9999855097895847,0.9999855097895846
295.9224710757957,3.664653970552723e-05,-1.3864996300756323e-05,-0.00018062692297399023,0.9999848251166229,0.999984825116623,0.999984825116623
309.9046339199427,3.6646513428722e-05,-1.3864986359086242e-05,-0.000180626793458393,0.9999841080937689,0.999984108093769,0.9999841080937689
324.54744574113255,3.6646485910373354e-05,-1.3864975947685732e-05,-0.0001806266578233595,0.9999833571925576,0.9999833571925577,0.9999833571925576
339.8821218152667,3.664645709182106e-05,-1.386496504436105e-05,-0.00018062651577975956,0.9999825708123098,0.9999825708123099,0.9999825708123098
355.9413523216862,3.66464269116334e-05,-1.3864953625869873e-05,-0.00018062636702480275,0.9999817472767203,0.9999817472767204,0.9999817472767204
372.7593720314938,3.6646395305476254e-05,-1.3864941667871781e-05,-0.00018062621124139295,0.9999808848302852,0.9999808848302855,0.9999808848302852
390.37203328860846,3.664636220597598e-05,-1.3864929144876362e-05,-0.00018062604809745264,0.9999799816345605,0.9999799816345606,0.9999799816345605
408.81688243912896,3.664632754257582e-05,-1.3864916030188895e-05,-0.00018062587724521499,0.9999790357642429,0.9999790357642431,0.999979035764243
428.13323987193957,3.664629124138552e-05,-1.386490229585345e-05,-0.00018062569832048278,0.9999780452030679,0.999978045203068,0.999978045203068
448.36228384119056,3.664625322502387e-05,-1.3864887912593312e-05,-0.0001806255109418521,0.9999770078395115,0.9999770078395115,0.9999770078395114
469.5471382493421,3.6646213412453746e-05,-1.386487284974858e-05,-0.00018062531470989965,0.9999759214622903,0.9999759214622902,0.9999759214622902
491.73296457790156,3.664617171880944e-05,-1.3864857075210831e-05,-0.00018062510920633127,0.9999747837556489,0.9999747837556489,0.9999747837556489
514.9670581618343,3.6646128055215806e-05,-1.3864840555354683e-05,-0.00018062489399309073,0.9999735922944251,0.9999735922944251,0.999973592294425
539.298949012887,3.6646082328598794e-05,-1.3864823254966139e-05,-0.0001806246686114259,0.9999723445388802,0.9999723445388803,0.9999723445388802
564.7805074067546,3.664603444148717e-05,-1.3864805137167548e-05,-0.0001806244325809114,0.9999710378292884,0.9999710378292885,0.9999710378292885
591.4660544591745,3.664598429180475e-05,-1.3864786163339e-05,-0.0001806241853984244,0.9999696693802668,0.9999696693802669,0.9999696693802667
619.412477926676,3.6645931772652876e-05,-1.3864766293036037e-05,-0.00018062392653707277,0.9999682362748405,0.9999682362748407,0.9999682362748404
648.6793534788508,3.664587677208263e-05,-1.3864745483903466e-05,-0.00018062365544507214,0.999966735458227,0.9999667354582271,0.999966735458227
679.3290717006688,3.6645819172856256e-05,-1.3864723691585089e-05,-0.00018062337154456994,0.9999651637313253,0.9999651637313252,0.9999651637313252
711.4269710955731,3.6645758852197327e-05,-1.3864700869629196e-05,-0.0001806230742304142,0.999963517743899,0.9999635177438991,0.999963517743899
745.0414773728917,3.664569568152916e-05,-1.386467696938957e-05,-0.000180622762868864,0.9999617939874389,0.999961793987439,0.999961793987439
780.2442493165045,3.664562952620079e-05,-1.3864651939921832e-05,-0.00018062243679623885,0.9999599887876846,0.9999599887876846,0.9999599887876843
817.1103315457186,3.6645560245200044e-05,-1.3864625727874891e-05,-0.00018062209531750486,0.9999580982967959,0.999958098296796,0.9999580982967959
855.7183144940002,3.6645487690853155e-05,-1.3864598277377263e-05,-0.00018062173770479344,0.9999561184851556,0.9999561184851556,0.9999561184851554
896.150501946605,3.6645411708509996e-05,-1.3864569529918014e-05,-0.0001806213631958506,0.9999540451327806,0.9999540451327806,0.9999540451327806
938.4930864942721,3.664533213621467e-05,-1.3864539424222109e-05,-0.0001806209709924127,0.9999518738203329,0.999951873820333,0.9999518738203329
982.836333277001,3.6645248804360373e-05,-1.3864507896119843e-05,-0.00018062056025850584,0.9999495999197023,0.9999495999197024,0.9999495999197023
1029.2747724096077,3.6645161535328075e-05,-1.386447487841013e-05,-0.00018062013011866448,0.9999472185841465,0.9999472185841466,0.9999472185841465
1077.9074004992735,3.664507014310808e-05,-1.3864440300717328e-05,-0.00018061967965606653,0.9999447247379644,0.9999447247379645,0.9999447247379645
1128.8378916846884,3.664497443290374e-05,-1.3864404089341308e-05,-0.0001806192079105799,0.9999421130656834,0.9999421130656834,0.9999421130656833
1182.1748186466698,3.6644874200716465e-05,-1.386436616710044e-05,-0.00018061871387671706,0.999939378000734,0.9999393780007342,0.999939378000734
1238.0318840613968,3.664476923291115e-05,-1.3864326453167168e-05,-0.00018061819650149315,0.999936513713593,0.9999365137135929,0.9999365137135929
1296.5281629896688,3.664465930576104e-05,-1.3864284862895838e-05,-0.00018061765468218262,0.999933514099363,0.9999335140993629,0.9999335140993629
1357.7883567189276,3.664454418497119e-05,-1.3864241307642377e-05,-0.00018061708726397049,0.9999303727647697,0.9999303727647697,0.9999303727647696
1421.9430585991647,3.6644423625179366e-05,-1.3864195694575467e-05,-0.0001806164930374922,0.9999270830145419,0.999927083014542,0.9999270830145418
1489.1290324394088,3.664429736943343e-05,-1.3864147926478822e-05,-0.00018061587073625777,0.9999236378371518,0.9999236378371519,0.9999236378371518
1559.489504058283,3.664416514864402e-05,-1.3864097901544113e-05,-0.0001806152190339542,0.9999200298898793,0.9999200298898794,0.9999200298898793
1633.1744666101667,3.664402668101145e-05,-1.3864045513154136e-05,-0.00018061453654162054,0.9999162514831742,0.9999162514831743,0.9999162514831741
1710.3410003378378,3.6643881671425505e-05,-1.3863990649655731e-05,-0.00018061382180468985,0.9999122945642781,0.9999122945642781,0.9999122945642781
1791.1536074332303,3.6643729810837e-05,-1.386393319412201e-05,-0.0001806130732998912,0.9999081507000754,0.9999081507000754,0.9999081507000753
1875.7845627201611,3.664357077559959e-05,-1.3863873024103336e-05,-0.00018061228943200603,0.999903811059134,0.999903811059134,0.9999038110591338
1964.4142809066266,3.664340422678058e-05,-1.3863810011366582e-05,-0.00018061146853047089,0.9998992663928984,0.9998992663928985,0.9998992663928984
2057.231701189553,3.664322980943924e-05,-1.3863744021622067e-05,-0.00018061060884582035,0.9998945070159974,0.9998945070159974,0.9998945070159972
2154.4346900318824,3.664304715187099e-05,-1.386367491423762e-05,-0.00018060970854596187,0.9998895227856195,0.9998895227856195,0.9998895227856195
2256.230462970635,3.664285586481604e-05,-1.3863602541939155e-05,-0.00018060876571227504,0.9998843030799194,0.9998843030799194,0.9998843030799194
2362.8360263551754,3.664265554063062e-05,-1.3863526750497124e-05,-0.00018060777833552678,0.9998788367754023,0.9998788367754025,0.9998788367754025
2474.4786399573477,3.6642445752419174e-05,-1.3863447378398175e-05,-0.00018060674431159398,0.9998731122232449,0.999873112223245,0.9998731122232449
2591.3963014396572,3.6642226053125585e-05,-1.3863364256501334e-05,-0.00018060566143698425,0.9998671172244963,0.9998671172244962,0.9998671172244962
2713.83825371428,3.6641995974581586e-05,-1.386327720767798e-05,-0.00018060452740414573,0.9998608390041122,0.9998608390041123,0.9998608390041122
2842.065516274511,3.664175502651028e-05,-1.3863186046434812e-05,-0.0001806033397965553,0.9998542641837639,0.999854264183764,0.9998542641837639
2976.3514416313133,3.664150269548268e-05,-1.3863090578519087e-05,-0.0001806020960835758,0.999847378753365,0.999847378753365,0.999847378753365
3116.9822980411436,3.664123844382508e-05,-1.3862990600505214e-05,-0.00018060079361507028,0.9998401680412559,0.999840168041256,0.9998401680412559
3264.2578797673236,3.664096170847489e-05,-1.386288589936187e-05,-0.00018059942961576268,0.9998326166829833,0.9998326166829833,0.9998326166829833
3418.4921461759272,3.664067189978256e-05,-1.3862776251998727e-05,-0.00018059800117933278,0.9998247085886081,0.9998247085886082,0.9998247085886082
3580.013891028573,3.664036840025708e-05,-1.3862661424791795e-05,-0.0001805965052622325,0.9998164269084727,0.9998164269084727,0.9998164269084727
3749.1674433988856,3.664005056325229e-05,-1.3862541173086421e-05,-0.00018059493867721125,0.9998077539973547,0.9998077539973547,0.9998077539973547
3926.3134017068396,3.663971771159138e-05,-1.386241524067686e-05,-0.0001805932980865361,0.9997986713769327,0.9997986713769328,0.9997986713769327
4111.829402435828,3.663936913612653e-05,-1.386228335926133e-05,-0.00018059157999489238,0.9997891596964833,0.9997891596964833,0.9997891596964833
4306.110925171165,3.663900409423077e-05,-1.3862145247871416e-05,-0.00018058978074195016,0.9997791986917275,0.9997791986917276,0.9997791986917275
4509.572135676144,3.663862180821875e-05,-1.3862000612274571e-05,-0.0001805878964945805,0.999768767141738,0.999768767141738,0.999768767141738
4722.646768802954,3.663822146369319e-05,-1.3861849144348528e-05,-0.00018058592323870525,0.9997578428238191,0.9997578428238191,0.999757842823819
4945.789053120639,3.663780220781351e-05,-1.3861690521426212e-05,-0.00018058385677076328,0.9997464024662603,0.9997464024662603,0.9997464024662602
5179.474679231202,3.663736314748289e-05,-1.3861524405609855e-05,-0.00018058169268877472,0.9997344216988684,0.9997344216988684,0.9997344216988683
5424.2018138380245,3.663690334745008e-05,-1.3861350443052812e-05,-0.00018057942638298496,0.9997218750011694,0.9997218750011695,0.9997218750011694
5680.492161728429,3.663642182832188e-05,-1.3861168263207594e-05,-0.0001805770530260683,0.9997087356481752,0.9997087356481752,0.9997087356481751
5948.892077934331,3.6635917564482054e-05,-1.3860977478038518e-05,-0.0001805745675628708,0.9996949756535964,0.9996949756535964,0.9996949756535963
6229.973732441835,3.663538948191251e-05,-1.3860777681197344e-05,-0.00018057196469967065,0.9996805657103878,0.9996805657103879,0.9996805657103878
6524.336329932622,3.663483645591186e-05,-1.3860568447160109e-05,-0.0001805692388929335,0.9996654751284941,0.9996654751284942,0.999665475128494
6832.607387157405,3.663425730870683e-05,-1.3860349330323435e-05,-0.00018056638433753937,0.9996496717696723,0.9996496717696726,0.9996496717696725
7155.444070664575,3.6633650806951366e-05,-1.386011986405831e-05,-0.00018056339495445576,0.999633121979249,0.9996331219792489,0.9996331219792489
7493.534597735741,3.6633015659108246e-05,-1.3859879559719455e-05,-0.00018056026437783223,0.9996157905146706,0.9996157905146706,0.9996157905146706
7847.5997035146065,3.663235051270766e-05,-1.3859627905608107e-05,-0.00018055698594148786,0.999597640470699,0.999597640470699,0.9995976404706989
8218.394177456807,3.6631653951477065e-05,-1.3859364365886127e-05,-0.00018055355266476496,0.9995786332010915,0.9995786332010915,0.9995786332010914
8606.708472376158,3.6630924492336255e-05,-1.385908837943911e-05,-0.0001805499572377179,0.9995587282366061,0.9995587282366062,0.9995587282366062
9013.37038951742,3.6630160582251455e-05,-1.3858799358686128e-05,-0.00018054619200560718,0.9995378831991567,0.9995378831991568,0.9995378831991568
9439.246843247663,3.662936059494172e-05,-1.385849668833364e-05,-0.00018054224895266584,0.9995160537119405,0.9995160537119406,0.9995160537119405
9885.245709128281,3.662852282743091e-05,-1.3858179724070938e-05,-0.00018053811968510435,0.9994931933053504,0.9994931933053504,0.9994931933053502
10352.317759307378,3.6627645496437944e-05,-1.3857847791204431e-05,-0.00018053379541331873,0.9994692533184752,0.9994692533184752,0.9994692533184751
10841.458689358327,3.6626726734597906e-05,-1.3857500183227915e-05,-0.00018052926693326455,0.9994441827959835,0.9994441827959835,0.9994441827959833
11353.711240885177,3.6625764586506035e-05,-1.3857136160325842e-05,-0.0001805245246069583,0.9994179283801746,0.9994179283801747,0.9994179283801747
11890.167424419898,3.662475700457649e-05,-1.3856754947806512e-05,-0.00018051955834206559,0.9993904341979761,0.9993904341979761,0.9993904341979761
12451.97084735032,3.662370184470719e-05,-1.3856355734461891e-05,-0.0001805143575705338,0.9993616417426487,0.9993616417426487,0.9993616417426486
13040.319151841288,3.6622596861741776e-05,-1.3855937670850677e-05,-0.00018050891122622454,0.9993314897499558,0.9993314897499558,0.9993314897499558
13656.466567946096,3.6621439704719426e-05,-1.3855499867501079e-05,-0.0001805032077215001,0.9992999140685429,0.9992999140685429,0.9992999140685429
14301.72658735088,3.6620227911902416e-05,-1.3855041393029543e-05,-0.00018049723492271534,0.9992668475242543,0.9992668475242544,0.9992668475242543
14977.474763452,3.661895890557149e-05,-1.3854561272171604e-05,-0.00018049098012456438,0.9992322197781124,0.9992322197781125,0.9992322197781125
15685.151643735446,3.6617629986578053e-05,-1.385405848372074e-05,-0.00018048443002322887,0.9991959571776615,0.9991959571776615,0.9991959571776615
16426.265840709304,3.661623832864213e-05,-1.3853531958371046e-05,-0.00018047757068827343,0.9991579826013752,0.9991579826013752,0.9991579826013752
17202.39724793599,3.66147809723843e-05,-1.3852980576459248e-05,-0.00018047038753322948,0.9991182152958035,0.9991182152958036,0.9991182152958034
18015.20040802024,3.661325481907944e-05,-1.3852403165601461e-05,-0.00018046286528480826,0.9990765707051293,0.9990765707051293,0.9990765707051292
18866.408039732545,3.661165662411939e-05,-1.3851798498219846e-05,-0.00018045498795067887,0.9990329602927828,0.9990329602927829,0.9990329602927829
19757.834731786996,3.6609982990171264e-05,-1.3851165288954087e-05,-0.00018044673878574643,0.9989872913547501,0.9989872913547503,0.9989872913547502
20691.3808111479,3.660823036001748e-05,-1.3850502191952456e-05,-0.00018043810025686119,0.9989394668241967,0.9989394668241967,0.9989394668241965
21669.03639411181,3.6606395009062814e-05,-1.384980779803692e-05,-0.00018042905400588683,0.9988893850670054,0.9988893850670055,0.9988893850670055
22692.885628800763,3.6604473037493505e-05,-1.384908063173656e-05,-0.00018041958081105322,0.9988369396678202,0.9988369396678203,0.9988369396678202
23765.11113811073,3.6602460362072234e-05,-1.3848319148183276e-05,-0.000180409660546515,0.9987820192061524,0.9987820192061524,0.9987820192061524
24887.998672586673,3.66003527075527e-05,-1.3847521729863527e-05,-0.00018039927214003474,0.9987245070221084,0.9987245070221084,0.9987245070221084
26063.94198314347,3.6598145597696325e-05,-1.3846686683219561e-05,-0.00018038839352870536,0.9986642809712595,0.9986642809712595,0.9986642809712594
27295.447924020016,3.659583434587307e-05,-1.3845812235093298e-05,-0.0001803770016126225,0.998601213168164,0.9986012131681641,0.998601213168164
28585.141796844713,3.659341404522762e-05,-1.3844896529005753e-05,-0.0001803650722064147,0.9985351697180288,0.9985351697180289,0.9985351697180289
29935.772947204903,3.659087955839125e-05,-1.3843937621264585e-05,-0.00018035257998853406,0.9984660104359739,0.9984660104359739,0.9984660104359739
31350.220625651124,3.658822550671882e-05,-1.3842933476891993e-05,-0.00018033949844820698,0.9983935885533396,0.9983935885533397,0.9983935885533396
32831.5001256304,3.658544625902978e-05,-1.3841881965364927e-05,-0.0001803257998299394,0.9983177504104588,0.9983177504104588,0.9983177504104587
34382.76921143307,3.658253591983068e-05,-1.3840780856159155e-05,-0.00018031145507546687,0.9982383351352805,0.9982383351352806,0.9982383351352806
36007.334849856205,3.6579488316996224e-05,-1.3839627814088459e-05,-0.00018029643376303578,0.9981551743072208,0.9981551743072208,0.9981551743072207
37708.66025993451,3.6576296988884525e-05,-1.3838420394429775e-05,-0.0001802807040438959,0.9980680916055711,0.9980680916055712,0.9980680916055712
39490.37229576694,3.657295517086159e-05,-1.383715603782481e-05,-0.00018026423257588086,0.9979769024417895,0.9979769024417896,0.9979769024417895
41356.26917817706,3.656945578120868e-05,-1.383583206494818e-05,-0.0001802469844539471,0.9978814135749497,0.9978814135749499,0.99788141357495
43310.32859169001,3.656579140638543e-05,-1.3834445670931795e-05,-0.00018022892313753725,0.9977814227096121,0.9977814227096121,0.997781422709612
45356.716164087025,3.6561954285620195e-05,-1.3832993919534718e-05,-0.00018021001037462774,0.9976767180753353,0.9976767180753353,0.9976767180753352
47499.79434661403,3.65579362947983e-05,-1.3831473737047375e-05,-0.00018019020612231555,0.9975670779870313,0.9975670779870313,0.9975670779870311
49744.13171377451,3.6553728929617344e-05,-1.3829881905918469e-05,-0.0001801694684637925,0.997452270385318,0.9974522703853179,0.9974522703853178
52094.51270253211,3.654932328797774e-05,-1.3828215058092554e-05,-0.0001801477535215502,0.9973320523560059,0.997332052356006,0.997332052356006
54555.947811685146,3.6544710051575365e-05,-1.3826469668045706e-05,-0.00018012501536665185,0.9972061696278105,0.9972061696278107,0.9972061696278106
57133.68428315568,3.653987946666179e-05,-1.3824642045506298e-05,-0.00018010120592390187,0.9970743560473517,0.997074356047352,0.9970743560473518
59833.21728796282,3.653482132393653e-05,-1.3822728327847328e-05,-0.0001800762748727366,0.9969363330304671,0.9969363330304671,0.996936333030467
62660.30164072656,3.652952493753399e-05,-1.3820724472136294e-05,-0.00018005016954365343,0.9967918089888236,0.9967918089888237,0.9967918089888235
65620.96406767555,3.652397912306697e-05,-1.3818626246828045e-05,-0.00018002283480998934,0.9966404787307831,0.9966404787307831,0.9966404787307831
68721.51605431108,3.651817217468653e-05,-1.3816429223085545e-05,-0.00017999421297485138,0.9964820228354287,0.9964820228354289,0.9964820228354286
71968.56730011514,3.651209184111714e-05,-1.3814128765712918e-05,-0.00017996424365299675,0.9963161069986296,0.9963161069986298,0.9963161069986296
75369.03980898541,3.6505725300624346e-05,-1.3811720023684596e-05,-0.0001799328636474507,0.9961423813499751,0.9961423813499752,0.9961423813499751
78930.18264543568,3.649905913487059e-05,-1.3809197920253857e-05,-0.00017990000682064491,0.995960479739372,0.9959604797393721,0.995960479739372
82659.58738801796,3.6492079301613625e-05,-1.3806557142623408e-05,-0.00017986560395985075,0.9957700189920573,0.9957700189920574,0.9957700189920573
86565.20431290935,3.648477110620015e-05,-1.3803792131160192e-05,-0.0001798295826366744,0.9955705981307378,0.9955705981307379,0.9955705981307378
90655.35934216359,3.647711917180604e-05,-1.3800897068135946e-05,-0.00017979186706037405,0.9953617975635249,0.995361797563525,0.9953617975635249
94938.7717927582,3.646910740837268e-05,-1.3797865865974469e-05,-0.00017975237792475059,0.9951431782362935,0.9951431782362936,0.9951431782362936
99424.57296427398,3.6460718980187825e-05,-1.3794692154986016e-05,-0.00017971103224835672,0.9949142807480493,0.9949142807480493,0.9949142807480493
104122.32560483043,3.645193627205745e-05,-1.3791369270568639e-05,-0.00017966774320776202,0.9946746244278516,0.9946746244278517,0.9946746244278517
109042.04429677526,3.644274085401391e-05,-1.3787890239855722e-05,-0.00017962241996360276,0.9944237063717941,0.9944237063717941,0.9944237063717941
114194.21680558647,3.643311344450394e-05,-1.3784247767788397e-05,-0.00017957496747913988,0.9941610004385052,0.9941610004385052,0.9941610004385053
119589.82643749769,3.6423033871998895e-05,-1.3780434222590988e-05,-0.0001795252863310394,0.9938859562015949,0.9938859562015949,0.9938859562015949
125240.3754535072,3.641248103496791e-05,-1.3776441620627125e-05,-0.0001794732725120849,0.9935979978574317,0.9935979978574319,0.9935979978574319
131157.90958968503,3.6401432860153644e-05,-1.3772261610613606e-05,-0.00017941881722552264,0.9932965230866,0.9932965230866,0.9932965230866
137355.04373605122,3.638986625908868e-05,-1.376788545716865e-05,-0.00017936180667073572,0.9929809018673502,0.9929809018673503,0.9929809018673501
143844.988828766,3.6377757082789785e-05,-1.376330402367074e-05,-0.00017930212181993687,0.9926504752393287,0.9926504752393287,0.9926504752393286
150641.5800129591,3.636508007456589e-05,-1.375850775440381e-05,-0.0001792396381855638,0.9923045540158342,0.9923045540158343,0.9923045540158342
157759.30613623615,3.635180882087492e-05,-1.3753486655964222e-05,-0.0001791742255780579,0.9919424174428348,0.9919424174428348,0.9919424174428348
165213.34063573685,3.6337915700163605e-05,-1.3748230277904626e-05,-0.00017910574785370096,0.9915633118029447,0.9915633118029448,0.9915633118029447
173019.57388458907,3.6323371829624e-05,-1.3742727692589595e-05,-0.00017903406265218371,0.9911664489625529,0.991166448962553,0.9911664489625529
181194.64706671223,3.6308147009799786e-05,-1.3736967474237776e-05,-0.00017895902112357613,0.9907510048602806,0.9907510048602807,0.9907510048602806
189755.98765218505,3.629220966697536e-05,-1.3730937677125138e-05,-0.00017888046764436938,0.9903161179349346,0.9903161179349346,0.9903161179349346
198721.84654880533,3.627552679328081e-05,-1.3724625812924054e-05,-0.0001787982395222595,0.9898608874911344,0.9898608874911344,0.9898608874911344
208111.33700903907,3.6258063884446037e-05,-1.3718018827152951e-05,-0.0001787121666893441,0.989384372000791,0.989384372000791,0.9893843720007909
217944.47537529835,3.623978487513827e-05,-1.371110307471165e-05,-0.00017862207138340784,0.9888855873386424,0.9888855873386424,0.9888855873386423
228242.22375040976,3.6220652071818025e-05,-1.3703864294477832e-05,-0.00017852776781697644,0.9883635049500753,0.9883635049500754,0.9883635049500753
239026.53468423893,3.620062608305031e-05,-1.3696287582940684e-05,-0.00017842906183382793,0.9878170499495054,0.9878170499495053,0.9878170499495053
250320.39797173202,3.617966574720956e-05,-1.368835736684853e-05,-0.0001783257505526582,0.9872450991476418,0.9872450991476419,0.9872450991476419
262147.88966213533,3.615772805751978e-05,-1.3680057374848192e-05,-0.00017821762199761142,0.9866464790060357,0.9866464790060359,0.9866464790060357
274534.22338387143,3.613476808437405e-05,-1.3671370608095067e-05,-0.00017810445471540132,0.986019963517389,0.9860199635173892,0.9860199635173891
287505.80409448774,3.6110738894881646e-05,-1.3662279309814261e-05,-0.0001779860173787674,0.9853642720102144,0.9853642720102145,0.9853642720102144
301090.2843702586,3.608559146959561e-05,-1.3652764933794965e-05,-0.00017786206837603388,0.9846780668765548,0.9846780668765549,0.9846780668765549
315316.62335543614,3.605927461637879e-05,-1.36428081118022e-05,-0.0001777323553865645,0.9839599512216225,0.9839599512216226,0.9839599512216225
330215.14849681756,3.6031734881373075e-05,-1.3632388619892559e-05,-0.00017759661494193933,0.9832084664343891,0.9832084664343891,0.983208466434389
345817.62019523775,3.600291645704354e-05,-1.3621485343623275e-05,-0.0001774545719727141,0.9824220896783604,0.9824220896783604,0.9824220896783603
362157.29951180675,3.597276108727803e-05,-1.3610076242147219e-05,-0.00017730593934066607,0.9815992313020008,0.9815992313020009,0.9815992313020009
379269.0190732246,3.594120796953234e-05,-1.3598138311190117e-05,-0.00017715041735647772,0.9807382321685397,0.9807382321685397,0.9807382321685396
397189.25732733024,3.590819365402226e-05,-1.3585647544910475e-05,-0.00017698769328286542,0.9798373609051958,0.9798373609051959,0.9798373609051959
415956.2163071843,3.587365193997657e-05,-1.357257889664754e-05,-0.0001768174408232211,0.9788948110722032,0.9788948110722033,0.9788948110722033
435609.9030694599,3.58375137689793e-05,-1.3558906238567963e-05,-0.00017663931959590747,0.9779086982524083,0.9779086982524083,0.9779086982524083
456192.21498074586,3.579970711544568e-05,-1.3544602320228066e-05,-0.00017645297459442587,0.9768770570626575,0.9768770570626574,0.9768770570626574
477747.0290335773,3.576015687429465e-05,-1.3529638726075405e-05,-0.00017625803563376565,0.9757978380886826,0.9757978380886827,0.9757978380886826
500320.2953825999,3.571878474590088e-05,-1.3513985831921048e-05,-0.00017605411678334485,0.9746689047457534,0.9746689047457535,0.9746689047457534
523960.13530026336,3.567550911843205e-05,-1.3497612760422626e-05,-0.0001758408157870632,0.9734880300679812,0.9734880300679811,0.9734880300679811
548716.9437608599,3.563024494770284e-05,-1.3480487335627808e-05,-0.0001756177134711151,0.9722528934298589,0.9722528934298589,0.9722528934298588
574643.4968715974,3.558290363470488e-05,-1.3462576036638491e-05,-0.00017538437314034767,0.9709610772043854,0.9709610772043856,0.9709610772043855
601795.0643797328,3.553339290100348e-05,-1.3443843950467907e-05,-0.0001751403399641043,0.9696100633629798,0.9696100633629798,0.9696100633629797
630229.5274956011,3.548161666222647e-05,-1.3424254724175908e-05,-0.00017488514035266466,0.968197230023334,0.968197230023334,0.9681972300233339
660007.5022827089,3.5427474899909014e-05,-1.3403770516382213e-05,-0.00017461828132558124,0.9667198479524052,0.9667198479524053,0.9667198479524052
691192.4688779366,3.53708635320002e-05,-1.3382351948273363e-05,-0.00017433924987342,0.9651750770328913,0.9651750770328913,0.9651750770328913
723850.9068173248,3.53116742823838e-05,-1.33599580542367e-05,-0.00017404751231464205,0.963559962702806,0.963559962702806,0.963559962702806
758052.4367559246,3.5249794549816777e-05,-1.3336546232274035e-05,-0.0001737425136496153,0.9618714323791648,0.961871432379165,0.9618714323791647
793869.9688838223,3.518510727674479e-05,-1.331207219436879e-05,-0.00017342367691402009,0.9601062918783168,0.9601062918783169,0.9601062918783168
831379.8583547334,3.5117490818515445e-05,-1.328648991700363e-05,-0.0001730904025342149,0.958261221847127,0.958261221847127,0.958261221847127
870662.0680585118,3.5046818813576766e-05,-1.3259751592050838e-05,-0.00017274206768745854,0.9563327742210449,0.956332774221045,0.956332774221045
911800.3390845662,3.497296005532148e-05,-1.323180757828537e-05,-0.00017237802567024397,0.9543173687270822,0.9543173687270822,0.9543173687270821
954882.3692395657,3.489577836631685e-05,-1.320260635380049e-05,-0.0001719976052783908,0.9522112894518852,0.9522112894518853,0.9522112894518852
1000000.0,3.4815132475746476e-05,-1.3172094469638589e-05,-0.00017160011020296822,0.950010681497453,0.9500106814974532,0.950010681497453
